于	為
成为	與
为	於
世纪	會
该	之後
通过	這個
位于	他們
中国	該
开始	成為
台湾	當時
与	汪東城
长荣	印表機
美国	客機
时间	地區
他们	大多數
后	發展
个	時
一个	並於
对	當地
获得	這些
可以	會
被	為
打印	讓
但	電腦
可能	測試
等	設計
称为	用來
电脑	將
一个	軌道
对	能夠
人们	於
这种	通常
为	由
世纪	公司
设备	所
开始	與
来	表面
因为	區域
打字机	這類
文本	太平洋
三文鱼	洗髮精
创可贴	鮭魚
悉尼	鳳梨
打印机	印表機
回形针	雲霄飛車
洗发水	迴紋針
鼠标	軟體
过山车	月台
菠萝	紐西蘭
发展	因為
地区	這個
位于	航空
一直	開始
中国	造成
之后	負責
进行	日產
开始	美國
年代	鳳梨
这种	菲律賓
一位	部落
生活	中國
通过	以及
一些	其他
可能	公司
建立	其中
早期	約翰
一个	附近
每年	可以
设计	認為
国际	正式
公园	一個
计划	臺北
称为	轉向
生产	印表機
他们	迴紋針
成为	月台
提供	紐西蘭
台湾	鳳梨
三文鱼	雲霄飛車
软件	軟體
过山车	滑鼠
回形针	紐西蘭
新西兰	大多數
鼠标	這些
洗发水	當地
打印机	開始
博客	設有
菠萝	臺灣
获得	朝陽區
发展部	之後
华彩	當時
成为	石家莊
选角于	阿猴廳
一个	這個
纽约	使用
群岛	包括
洗发水	計畫
这种	寫道
这个	汪東城
朝阳区	他們
合成词	石家莊市
狮子	辛普森
支撑	總部
世纪	拍攝
台湾	山地
中国	步調
历史	印表機
发剂	地區
开始	行政區
设计	北部
时期	並於
高雄	可以
美国	客機
时间	外國
长荣	傑出
位于	成為
离开	發展
其他	出現
他们	波音
生产	雲南
鼠标
大学
菠萝
不复存在
航空
现场
阿猴厅
为止
通过